-9.99	1.64326981291e-15	0
-9.97	1.73353531258e-15	0
-9.95	1.82901541899e-15	0
-9.93	1.93002204389e-15	0
-9.91	2.03688613428e-15	0
-9.89	2.14995884483e-15	0
-9.87	2.2696127829e-15	0
-9.85	2.3962433304e-15	0
-9.83	2.53027004736e-15	0
-9.81	2.67213816219e-15	0
-9.79	2.82232015408e-15	0
-9.77	2.98131743315e-15	0
-9.75	3.14966212439e-15	0
-9.73	3.32791896194e-15	0
-9.71	3.51668730029e-15	0
-9.69	3.71660324994e-15	0
-9.67	3.92834194484e-15	0
-9.65	4.15261995014e-15	0
-9.63	4.39019781867e-15	0
-9.61	4.64188280535e-15	0
-9.59	4.90853174948e-15	0
-9.57	5.19105413508e-15	0
-9.55	5.49041534044e-15	0
-9.53	5.80764008842e-15	0
-9.51	6.1438161101e-15	0
-9.49	6.50009803483e-15	0
-9.47	6.87771152068e-15	0
-9.45	7.27795764026e-15	0
-9.43	7.70221753758e-15	0
-9.41	8.15195737279e-15	0
-9.39	8.6287335725e-15	0
-9.37	9.13419840472e-15	0
-9.35	9.67010589833e-15	0
-9.33	1.02383181285e-14	0
-9.31	1.08408118906e-14	0
-9.29	1.14796857867e-14	0
-9.27	1.21571677501e-14	0
-9.25	1.2875623035e-14	0
-9.23	1.36375627002e-14	0
-9.21	1.4445652617e-14	0
-9.19	1.53027230338e-14	0
-9.17	1.62117787328e-14	0
-9.15	1.71760098138e-14	0
-9.13	1.81988031446e-14	0
-9.11	1.928375452e-14	0
-9.09	2.04346815716e-14	0
-9.07	2.16556374765e-14	0
-9.05	2.2950925513e-14	0
-9.03	2.43251145162e-14	0
-9.01	2.57830552893e-14	0
-8.99	2.73298980296e-14	0
-8.97	2.89711108314e-14	0
-8.95	3.07124993332e-14	0
-8.93	3.25602275796e-14	0
-8.91	3.45208401728e-14	0
-8.89	3.66012857935e-14	0
-8.87	3.88089421767e-14	0
-8.85	4.11516426307e-14	0
-8.83	4.36377041966e-14	0
-8.81	4.62759575481e-14	0
-8.79	4.907577874e-14	0
-8.77	5.20471229208e-14	0
-8.75	5.52005601276e-14	0
-8.73	5.8547313296e-14	0
-8.71	6.20992986194e-14	0
-8.69	6.58691684034e-14	0
-8.67	6.98703565704e-14	0
-8.65	7.41171269773e-14	0
-8.63	7.86246247209e-14	0
-8.61	8.34089306158e-14	0
-8.59	8.84871190399e-14	0
-8.57	9.38773193573e-14	0
-8.55	9.95987811386e-14	0
-8.53	1.05671943414e-13	0
-8.51	1.12118508209e-13	0
-8.49	1.18961518626e-13	0
-8.47	1.26225441751e-13	0
-8.45	1.33936256697e-13	0
-8.43	1.42121548077e-13	0
-8.41	1.50810605266e-13	0
-8.39	1.60034527799e-13	0
-8.37	1.69826337287e-13	0
-8.35	1.80221096246e-13	0
-8.33	1.91256034283e-13	0
-8.31	2.02970682081e-13	0
-8.29	2.15407013665e-13	0
-8.27	2.28609597471e-13	0
-8.25	2.42625756748e-13	0
-8.23	2.5750573989e-13	0
-8.21	2.73302901289e-13	0
-8.19	2.90073893375e-13	0
-8.17	3.07878870533e-13	0
-8.15	3.26781705626e-13	0
-8.13	3.46850219906e-13	0
-8.11	3.68156427144e-13	0
-8.09	3.90776792854e-13	0
-8.07	4.14792509546e-13	0
-8.05	4.40289788999e-13	0
-8.03	4.67360172608e-13	0
-8.01	4.96100860916e-13	0
-7.99	5.26615063531e-13	0
-7.97	5.59012370675e-13	0
-7.95	5.93409147704e-13	0
-7.93	6.29928954031e-13	0
-7.91	6.68702987947e-13	0
-7.89	7.09870558952e-13	0
-7.87	7.53579589285e-13	0
-7.85	7.99987146478e-13	0
-7.83	8.49260008827e-13	0
-7.81	9.01575265841e-13	0
-7.79	9.5712095581e-13	0
-7.77	1.01609674281e-12	0
-7.75	1.07871463554e-12	0
-7.73	1.14519975066e-12	0
-7.71	1.2157911233e-12	0
-7.69	1.29074256764e-12	0
-7.67	1.37032359081e-12	0
-7.65	1.45482036322e-12	0
-7.63	1.54453674892e-12	0
-7.61	1.63979539964e-12	0
-7.59	1.74093891655e-12	0
-7.57	1.84833108378e-12	0
-7.55	1.96235817827e-12	0
-7.53	2.08343036059e-12	0
-7.51	2.21198315177e-12	0
-7.49	2.34847900143e-12	0
-7.47	2.49340895291e-12	0
-7.45	2.64729441137e-12	0
-7.43	2.81068902114e-12	0
-7.41	2.98418065927e-12	0
-7.39	3.16839355228e-12	0
-7.37	3.36399052381e-12	0
-7.35	3.57167538126e-12	0
-7.33	3.79219545004e-12	0
-7.31	4.02634426447e-12	0
-7.29	4.2749644251e-12	0
-7.27	4.53895063274e-12	0
-7.25	4.81925291005e-12	0
-7.23	5.11688002237e-12	0
-7.21	5.43290311008e-12	0
-7.19	5.76845954555e-12	0
-7.17	6.1247570286e-12	0
-7.15	6.5030779352e-12	0
-7.13	6.90478393508e-12	0
-7.11	7.33132089485e-12	0
-7.09	7.78422408431e-12	0
-7.07	8.26512370475e-12	0
-7.05	8.77575075899e-12	0
-7.03	9.3179432845e-12	0
-7.01	9.89365297185e-12	0
-6.99	1.05049521925e-11	0
-6.97	1.11540414611e-11	0
-6.95	1.18432573592e-11	0
-6.93	1.2575080949e-11	0
-6.91	1.33521467074e-11	0
-6.89	1.41772520121e-11	0
-6.87	1.5053367215e-11	0
-6.85	1.59836463377e-11	0
-6.83	1.6971438429e-11	0
-6.81	1.80202996242e-11	0
-6.79	1.91340059502e-11	0
-6.77	2.03165669229e-11	0
-6.75	2.15722399846e-11	0
-6.73	2.29055458344e-11	0
-6.71	2.43212847071e-11	0
-6.69	2.58245536577e-11	0
-6.67	2.74207649158e-11	0
-6.65	2.91156653736e-11	0
-6.63	3.09153572802e-11	0
-6.61	3.28263202149e-11	0
-6.59	3.48554344189e-11	0
-6.57	3.70100055704e-11	0
-6.55	3.9297791091e-11	0
-6.53	4.17270280791e-11	0
-6.51	4.43064629704e-11	0
-6.49	4.70453830323e-11	0
-6.47	4.99536498059e-11	0
-6.45	5.30417346154e-11	0
-6.43	5.63207562737e-11	0
-6.41	5.98025211191e-11	0
-6.39	6.34995655278e-11	0
-6.37	6.74252010544e-11	0
-6.35	7.15935623644e-11	0
-6.33	7.60196581298e-11	0
-6.31	8.07194250723e-11	0
-6.29	8.57097853472e-11	0
-6.27	9.10087074761e-11	0
-6.25	9.66352710473e-11	0
-6.23	1.02609735416e-10	0
-6.21	1.08953612651e-10	0
-6.19	1.15689744998e-10	0
-6.17	1.22842387122e-10	0
-6.15	1.30437293444e-10	0
-6.13	1.38501810874e-10	0
-6.11	1.47064977276e-10	0
-6.09	1.56157626025e-10	0
-6.07	1.65812497027e-10	0
-6.05	1.76064354597e-10	0
-6.03	1.86950112639e-10	0
-6.01	1.98508967552e-10	0
-5.99	2.1078253936e-10	0
-5.97	2.23815021566e-10	0
-5.95	2.37653340272e-10	0
-5.93	2.52347323136e-10	0
-5.91	2.67949878774e-10	0
-5.89	2.84517187255e-10	0
-5.87	3.02108902375e-10	0
-5.85	3.20788366431e-10	0
-5.83	3.40622838276e-10	0
-5.81	3.61683735479e-10	0
-5.79	3.84046891447e-10	0
-5.77	4.07792828444e-10	0
-5.75	4.33007047498e-10	0
-5.73	4.59780336218e-10	0
-5.71	4.88209095647e-10	0
-5.69	5.18395687321e-10	0
-5.67	5.50448801783e-10	0
-5.65	5.84483849874e-10	0
-5.63	6.20623378218e-10	0
-5.61	6.58997510385e-10	0
-5.59	6.99744415335e-10	0
-5.57	7.43010804807e-10	0
-5.55	7.88952461463e-10	0
-5.53	8.37734799672e-10	0
-5.51	8.89533460965e-10	0
-5.49	9.44534946289e-10	0
-5.47	1.00293728734e-09	0
-5.45	1.06495075941e-09	0
-5.43	1.13079863825e-09	0
-5.41	1.20071800378e-09	0
-5.39	1.27496059339e-09	0
-5.37	1.35379370808e-09	0
-5.35	1.43750117448e-09	0
-5.33	1.52638436646e-09	0
-5.31	1.62076328975e-09	0
-5.29	1.72097773368e-09	0
-5.27	1.82738849408e-09	0
-5.25	1.94037867167e-09	0
-5.23	2.06035505081e-09	0
-5.21	2.18774956337e-09	0
-5.19	2.32302084304e-09	0
-5.17	2.46665587575e-09	0
-5.15	2.61917175199e-09	0
-5.13	2.78111752745e-09	0
-5.11	2.95307619861e-09	0
-5.09	3.13566680034e-09	0
-5.07	3.32954663317e-09	0
-5.05	3.53541362805e-09	0
-5.03	3.7540088573e-09	0
-5.01	3.98611920058e-09	0
-4.99	4.23258017555e-09	0
-4.97	4.49427894346e-09	0
-4.95	4.7721575002e-09	0
-4.93	5.06721606464e-09	0
-4.91	5.38051667601e-09	0
-4.89	5.71318701363e-09	0
-4.87	6.06642445237e-09	0
-4.85	6.44150036861e-09	0
-4.83	6.839764712e-09	0
-4.81	7.26265085952e-09	0
-4.79	7.71168076923e-09	0
-4.77	8.18847045209e-09	0
-4.75	8.69473578164e-09	0
-4.73	9.23229866219e-09	0
-4.71	9.80309357775e-09	0
-4.69	1.04091745451e-08	0
-4.67	1.1052722496e-08	0
-4.65	1.17360531145e-08	0
-4.63	1.24616251588e-08	0
-4.61	1.32320492951e-08	0
-4.59	1.40500974774e-08	0
-4.57	1.49187129059e-08	0
-4.55	1.58410205987e-08	0
-4.53	1.68203386161e-08	0
-4.51	1.7860189977e-08	0
-4.49	1.89643153099e-08	0
-4.47	2.01366862833e-08	0
-4.45	2.13815198647e-08	0
-4.43	2.27032934579e-08	0
-4.41	2.41067609731e-08	0
-4.39	2.55969698873e-08	0
-4.37	2.71792793554e-08	0
-4.35	2.88593794372e-08	0
-4.33	3.06433115082e-08	0
-4.31	3.25374899271e-08	0
-4.29	3.45487250374e-08	0
-4.27	3.66842475845e-08	0
-4.25	3.89517346362e-08	0
-4.23	4.13593370968e-08	0
-4.21	4.39157089146e-08	0
-4.19	4.66300380854e-08	0
-4.17	4.95120795627e-08	0
-4.15	5.25721901902e-08	0
-4.13	5.58213657823e-08	0
-4.11	5.92712804816e-08	0
-4.09	6.29343285357e-08	0
-4.07	6.68236686379e-08	0
-4.05	7.09532709908e-08	0
-4.03	7.53379672592e-08	0
-4.01	7.9993503586e-08	0
-3.99	8.49365968618e-08	0
-3.97	9.01849944437e-08	0
-3.95	9.57575375344e-08	0
-3.93	1.01674228445e-07	0
-3.91	1.07956301979e-07	0
-3.89	1.14626301182e-07	0
-3.87	1.21708157733e-07	0
-3.85	1.29227277251e-07	0
-3.83	1.37210629816e-07	0
-3.81	1.45686846027e-07	0
-3.79	1.54686318922e-07	0
-3.77	1.64241312124e-07	0
-3.75	1.74386074592e-07	0
-3.73	1.85156962357e-07	0
-3.71	1.96592567695e-07	0
-3.69	2.08733856157e-07	0
-3.67	2.21624311947e-07	0
-3.65	2.35310092147e-07	0
-3.63	2.49840190313e-07	0
-3.61	2.65266610019e-07	0
-3.59	2.8164454893e-07	0
-3.57	2.99032594049e-07	0
-3.55	3.17492928798e-07	0
-3.53	3.37091552638e-07	0
-3.51	3.57898513988e-07	0
-3.49	3.7998815722e-07	0
-3.47	4.03439384578e-07	0
-3.45	4.28335933903e-07	0
-3.43	4.54766673101e-07	0
-3.41	4.8282591234e-07	0
-3.39	5.12613735035e-07	0
-3.37	5.44236348718e-07	0
-3.35	5.77806456956e-07	0
-3.33	6.13443653574e-07	0
-3.31	6.51274840465e-07	0
-3.29	6.91434670379e-07	0
-3.27	7.3406601614e-07	0
-3.25	7.79320467831e-07	0
-3.23	8.27358859557e-07	0
-3.21	8.78351827512e-07	0
-3.19	9.32480401137e-07	0
-3.17	9.89936629274e-07	0
-3.15	1.05092424332e-06	0
-3.13	1.1156593595e-06	0
-3.11	1.18437122246e-06	0
-3.09	1.25730299252e-06	0
-3.07	1.3347125791e-06	0
-3.05	1.41687352281e-06	0
-3.03	1.50407592905e-06	0
-3.01	1.59662745583e-06	0
-2.99	1.69485435899e-06	0
-2.97	1.79910259782e-06	0
-2.95	1.90973900451e-06	0
-2.93	2.02715252075e-06	0
-2.91	2.15175550535e-06	0
-2.89	2.28398511644e-06	0
-2.87	2.42430477241e-06	0
-2.85	2.57320569569e-06	0
-2.83	2.73120854372e-06	0
-2.81	2.89886513174e-06	0
-2.79	3.076760252e-06	0
-2.77	3.2655135945e-06	0
-2.75	3.4657817743e-06	0
-2.73	3.67826047079e-06	0
-2.71	3.90368668446e-06	0
-2.69	4.14284111705e-06	0
-2.67	4.39655068087e-06	0
-2.65	4.66569114363e-06	0
-2.63	4.95118991513e-06	0
-2.61	5.2540289824e-06	0
-2.59	5.57524799998e-06	0
-2.57	5.91594754251e-06	0
-2.55	6.27729252653e-06	0
-2.53	6.66051580897e-06	0
-2.51	7.06692196968e-06	0
-2.49	7.49789128554e-06	0
-2.47	7.95488390392e-06	0
-2.45	8.4394442231e-06	0
-2.43	8.95320548744e-06	0
-2.41	9.49789460516e-06	0
-2.39	1.00753371963e-05	0
-2.37	1.06874628787e-05	0
-2.35	1.13363107991e-05	0
-2.33	1.20240354172e-05	0
-2.31	1.27529125489e-05	0
-2.29	1.35253456763e-05	0
-2.27	1.43438725295e-05	0
-2.25	1.52111719465e-05	0
-2.23	1.61300710161e-05	0
-2.21	1.71035525075e-05	0
-2.19	1.81347625897e-05	0
-2.17	1.92270188438e-05	0
-2.15	2.0383818567e-05	0
-2.13	2.16088473693e-05	0
-2.11	2.29059880603e-05	0
-2.09	2.42793298205e-05	0
-2.07	2.57331776521e-05	0
-2.05	2.72720621004e-05	0
-2.03	2.89007492325e-05	0
-2.01	3.06242508612e-05	0
-1.99	3.24478349938e-05	0
-1.97	3.43770364861e-05	0
-1.95	3.64176678738e-05	0
-1.93	3.85758303521e-05	0
-1.91	4.08579248681e-05	0
-1.89	4.32706632838e-05	0
-1.87	4.58210795641e-05	0
-1.85	4.85165409355e-05	0
-1.83	5.13647589547e-05	0
-1.81	5.43738004187e-05	0
-1.79	5.75520980408e-05	0
-1.77	6.09084608045e-05	0
-1.75	6.4452083902e-05	0
-1.73	6.81925581506e-05	0
-1.71	7.21398787704e-05	0
-1.69	7.63044533949e-05	0
-1.67	8.06971091744e-05	0
-1.65	8.53290988176e-05	0
-1.63	9.02121054041e-05	0
-1.61	9.53582457878e-05	0
-1.59	0.000100780072392	0
-1.57	0.000106490573189	0
-1.55	0.000112503169628	0
-1.53	0.000118831712285	0
-1.51	0.000125490473956	0
-1.49	0.000132494139929	0
-1.47	0.00013985779515	0
-1.45	0.00014759690796	0
-1.43	0.000155727310099	0
-1.41	0.000164265172636	0
-1.39	0.000173226977471	0
-1.37	0.000182629484071	0
-1.35	0.000192489691052	0
-1.33	0.000202824792258	0
-1.31	0.000213652126938	0
-1.29	0.000224989123676	0
-1.27	0.000236853237678	0
-1.25	0.000249261881076	0
-1.23	0.000262232345901	0
-1.21	0.000275781719396	0
-1.19	0.00028992679139	0
-1.17	0.000304683953455	0
-1.15	0.000320069089651	0
-1.13	0.000336097458694	0
-1.11	0.000352783567438	0
-1.09	0.000370141035663	0
-1.07	0.00038818245222	0
-1.05	0.000406919222691	0
-1.03	0.000426361408823	0
-1.01	0.000446517560122	0
-0.99	0.000467394538126	0
-0.97	0.000488997333988	0
-0.95	0.000511328880212	0
-0.93	0.000534389857485	0
-0.91	0.000558178497769	0
-0.89	0.000582690384976	0
-0.87	0.000607918254735	0
-0.85	0.000633851794971	0
-0.83	0.000660477449178	0
-0.81	0.000687778224487	0
-0.79	0.000715733506798	0
-0.77	0.00074431888542	0
-0.75	0.000773505989839	0
-0.73	0.000803262341359	0
-0.71	0.000833551222485	0
-0.69	0.000864331567023	0
-0.67	0.000895557873899	0
-0.65	0.000927180147741	0
-0.63	0.00095914386923	0
-0.61	0.000991389998143	0
-0.59	0.00102385501189	0
-0.57	0.00105647098213	0
-0.55	0.00108916569186	0
-0.53	0.00112186279501	0
-0.51	0.0011544820201	0
-0.49	0.00118693941938	0
-0.47	0.001219147664	0
-0.45	0.00125101638541	0
-0.43	0.00128245256262	0
-0.41	0.00131336095409	0
-0.39	0.00134364457254	0
-0.37	0.0013732052001	0
-0.35	0.00140194394068	0
-0.33	0.00142976180546	0
-0.31	0.00145656032687	0
-0.29	0.00148224219582	0
-0.27	0.00150671191608	0
-0.25	0.00152987646935	0
-0.23	0.00155164598403	0
-0.21	0.00157193440034	0
-0.19	0.00159066012401	0
-0.17	0.0016077466609	0
-0.15	0.00162312322469	0
-0.13	0.00163672530985	0
-0.11	0.00164849522259	0
-0.09	0.00165838256267	0
-0.07	0.00166634464951	0
-0.05	0.00167234688694	0
-0.03	0.00167636306129	0
-0.01	0.00167837556872	0
0.01	0.00167837556872	0
0.03	0.00167636306129	0
0.05	0.00167234688697	0
0.07	0.00166634464957	0
0.09	0.0016583825628	0
0.11	0.00164849522284	0
0.13	0.00163672531026	0
0.15	0.00162312322531	0
0.17	0.00160774666179	0
0.19	0.00159066012524	0
0.21	0.00157193440198	0
0.23	0.00155164598616	0
0.25	0.00152987647204	0
0.27	0.00150671191943	0
0.29	0.00148224219991	0
0.31	0.00145656033178	0
0.33	0.00142976181127	0
0.35	0.00140194394748	0
0.37	0.00137320520796	0
0.39	0.00134364458155	0
0.41	0.00131336096433	0
0.43	0.00128245257416	0
0.45	0.00125101639831	0
0.47	0.00121914767833	0
0.49	0.00118693943519	0
0.51	0.00115448203745	0
0.53	0.00112186281393	0
0.55	0.0010891657124	0
0.57	0.0010564710043	0
0.59	0.00102385503573	0
0.61	0.000991390023665	0
0.63	0.00095914389644	0
0.65	0.00092718017664	0
0.67	0.000895557904481	0
0.69	0.000864331599275	0
0.71	0.000833551256387	0
0.73	0.000803262376885	0
0.75	0.000773506026957	0
0.77	0.000744318924092	0
0.79	0.00071573354698	0
0.81	0.000687778266131	0
0.83	0.00066047749223	0
0.85	0.000633851839374	0
0.87	0.000607918300429	0
0.89	0.000582690431897	0
0.91	0.00055817854585	0
0.93	0.000534389906656	0
0.95	0.000511328930402	0
0.97	0.000488997385123	0
0.99	0.000467394590133	0
1.01	0.000446517612926	0
1.03	0.000426361462347	0
1.05	0.000406919276861	0
1.07	0.00038818250696	0
1.09	0.000370141090898	0
1.11	0.000352783623094	0
1.13	0.000336097514699	0
1.15	0.000320069145932	0
1.17	0.000304684009942	0
1.19	0.000289926848015	0
1.21	0.000275781776093	0
1.23	0.000262232402603	0
1.25	0.000249261937723	0
1.27	0.000236853294209	0
1.29	0.000224989180034	0
1.31	0.000213652183067	0
1.33	0.000202824848105	0
1.35	0.000192489746568	0
1.37	0.000182629539207	0
1.39	0.000173227032183	0
1.41	0.000164265226881	0
1.43	0.000155727363838	0
1.45	0.000147596961154	0
1.47	0.000139857847766	0
1.49	0.000132494191934	0
1.51	0.00012549052532	0
1.53	0.000118831762981	0
1.55	0.000112503219631	0
1.57	0.000106490622476	0
1.59	0.000100780120943	0
1.61	9.53582935838e-05	0
1.63	9.0212152429e-05	0
1.65	8.53291450571e-05	0
1.67	8.06971546162e-05	0
1.69	7.63044980284e-05	0
1.71	7.21399225868e-05	0
1.73	6.81926011429e-05	0
1.75	6.44521260646e-05	0
1.77	6.09085021334e-05	0
1.79	5.75521385334e-05	0
1.81	5.43738400739e-05	0
1.83	5.13647977725e-05	0
1.85	4.85165789173e-05	0
1.87	4.58211167123e-05	0
1.89	4.32706996018e-05	0
1.91	4.08579603605e-05	0
1.93	3.85758650243e-05	0
1.95	3.6417701732e-05	0
1.97	3.43770695374e-05	0
1.99	3.2447867246e-05	0
2.01	3.06242823227e-05	0
2.03	2.89007799124e-05	0
2.05	2.72720920083e-05	0
2.07	2.57332067982e-05	0
2.09	2.42793582153e-05	0
2.11	2.2906015715e-05	0
2.13	2.16088742951e-05	0
2.15	2.03838447756e-05	0
2.17	1.92270443473e-05	0
2.19	1.81347874003e-05	0
2.21	1.71035766374e-05	0
2.23	1.61300944782e-05	0
2.25	1.52111947534e-05	0
2.27	1.4343894694e-05	0
2.29	1.35253672114e-05	0
2.31	1.27529334676e-05	0
2.33	1.20240557324e-05	0
2.35	1.1336330524e-05	0
2.37	1.06874820262e-05	0
2.39	1.00753557793e-05	0
2.41	9.49791263665e-06	0
2.43	8.95322298024e-06	0
2.45	8.43946118995e-06	0
2.47	7.95490035747e-06	0
2.49	7.49790723831e-06	0
2.51	7.06693743408e-06	0
2.53	6.66053079727e-06	0
2.55	6.27730705083e-06	0
2.57	5.91596161477e-06	0
2.59	5.57526163199e-06	0
2.61	5.25404218577e-06	0
2.63	4.95120270131e-06	0
2.65	4.66570352385e-06	0
2.67	4.3965626662e-06	0
2.69	4.14285271835e-06	0
2.71	3.9036979124e-06	0
2.73	3.67827133582e-06	0
2.75	3.4657922867e-06	0
2.77	3.26552376431e-06	0
2.79	3.07677008908e-06	0
2.81	2.89887464573e-06	0
2.83	2.73121774406e-06	0
2.85	2.57321459159e-06	0
2.87	2.42431337291e-06	0
2.89	2.28399343034e-06	0
2.91	2.15176354126e-06	0
2.93	2.02716028708e-06	0
2.95	1.90974650945e-06	0
2.97	1.79910984937e-06	0
2.99	1.69486136495e-06	0
3.01	1.5966342238e-06	0
3.03	1.50408246645e-06	0
3.05	1.41687983685e-06	0
3.07	1.33471867681e-06	0
3.09	1.25730888073e-06	0
3.11	1.18437690783e-06	0
3.13	1.11566484851e-06	0
3.15	1.05092954227e-06	0
3.17	9.89941744276e-07	0
3.19	9.32485338149e-07	0
3.21	8.78356592318e-07	0
3.23	8.27363457776e-07	0
3.25	7.7932490492e-07	0
3.27	7.340702974e-07	0
3.29	6.91438800953e-07	0
3.31	6.51278825348e-07	0
3.33	6.13447497612e-07	0
3.35	5.77810164849e-07	0
3.37	5.44239925026e-07	0
3.39	5.12617184179e-07	0
3.41	4.82829238607e-07	0
3.43	4.54769880647e-07	0
3.45	4.28339026757e-07	0
3.47	4.03442366641e-07	0
3.49	3.79991032274e-07	0
3.51	3.57901285696e-07	0
3.53	3.37094224547e-07	0
3.55	3.17495504342e-07	0
3.57	2.99035076555e-07	0
3.59	2.81646941616e-07	0
3.61	2.65268916002e-07	0
3.63	2.49842412607e-07	0
3.65	2.3531223367e-07	0
3.67	2.21626375522e-07	0
3.69	2.08735844513e-07	0
3.71	1.96594483473e-07	0
3.73	1.85158808111e-07	0
3.75	1.74387852791e-07	0
3.77	1.64243025155e-07	0
3.79	1.54687969092e-07	0
3.81	1.45688435567e-07	0
3.83	1.37212160881e-07	0
3.85	1.29228751923e-07	0
3.87	1.21709578026e-07	0
3.89	1.1462766904e-07	0
3.91	1.0795761928e-07	0
3.93	1.01675497003e-07	0
3.95	9.57587591015e-08	0
3.97	9.01861707119e-08	0
3.99	8.4937729465e-08	0
4.01	7.99945941015e-08	0
4.03	7.533901721e-08	0
4.05	7.0954281847e-08	0
4.07	6.68246418184e-08	0
4.09	6.29352654101e-08	0
4.11	5.92721823715e-08	0
4.13	5.58222339631e-08	0
4.15	5.25730258926e-08	0
4.17	4.9512883974e-08	0
4.19	4.66308123512e-08	0
4.21	4.39164541397e-08	0
4.23	4.13600543473e-08	0
4.25	3.89524249401e-08	0
4.27	3.66849119334e-08	0
4.29	3.45493643874e-08	0
4.31	3.25381052004e-08	0
4.33	3.06439035939e-08	0
4.35	2.88599491925e-08	0
4.37	2.71798276067e-08	0
4.39	2.55974974315e-08	0
4.41	2.41072685783e-08	0
4.43	2.27037818645e-08	0
4.45	2.13819897864e-08	0
4.47	2.01371384078e-08	0
4.49	1.89647503001e-08	0
4.51	1.78606084718e-08	0
4.53	1.6820741231e-08	0
4.55	1.58414079268e-08	0
4.57	1.49190855189e-08	0
4.59	1.40504559259e-08	0
4.61	1.32323941096e-08	0
4.63	1.24619568504e-08	0
4.65	1.17363721757e-08	0
4.67	1.10530294009e-08	0
4.69	1.04094697507e-08	0
4.71	9.80337752398e-09	0
4.73	9.2325717729e-09	0
4.75	8.69499846503e-09	0
4.77	8.18872310125e-09	0
4.79	7.71192376273e-09	0
4.81	7.26288456191e-09	0
4.83	6.83998947431e-09	0
4.85	6.44171652886e-09	0
4.87	6.06663233601e-09	0
4.89	5.71338693401e-09	0
4.91	5.38070893482e-09	0
4.93	5.06740095233e-09	0
4.95	4.7723352964e-09	0
4.97	4.49444991732e-09	0
4.99	4.23274458621e-09	0
5.01	3.98627729745e-09	0
5.03	3.75416088048e-09	0
5.05	3.53555980863e-09	0
5.07	3.32968719358e-09	0
5.09	3.13580195466e-09	0
5.11	2.95320615287e-09	0
5.13	2.78124247994e-09	0
5.15	2.61929189355e-09	0
5.17	2.46677139001e-09	0
5.19	2.32313190674e-09	0
5.21	2.18785634656e-09	0
5.23	2.06045771713e-09	0
5.25	1.94047737857e-09	0
5.27	1.82748339308e-09	0
5.29	1.72106897056e-09	0
5.31	1.62085100476e-09	0
5.33	1.52646869456e-09	0
5.35	1.4375822455e-09	0
5.37	1.35387164693e-09	0
5.39	1.27503552024e-09	0
5.41	1.20079003423e-09	0
5.43	1.13086788353e-09	0
5.45	1.0650173265e-09	0
5.47	1.00300127916e-09	0
5.49	9.44596461836e-10	0
5.51	8.8959259547e-10	0
5.53	8.37791644735e-10	0
5.55	7.89007105193e-10	0
5.57	7.43063331953e-10	0
5.59	6.9979490741e-10	0
5.61	6.5904604579e-10	0
5.63	6.20670032359e-10	0
5.65	5.84528695275e-10	0
5.67	5.50491908194e-10	0
5.69	5.18437121823e-10	0
5.71	4.88248922754e-10	0
5.73	4.59818617974e-10	0
5.75	4.33043843569e-10	0
5.77	4.07828196209e-10	0
5.79	3.84080886085e-10	0
5.81	3.61716410054e-10	0
5.83	3.40654243812e-10	0
5.85	3.20818551996e-10	0
5.87	3.02137915151e-10	0
5.89	2.84545072612e-10	0
5.91	2.67976680336e-10	0
5.93	2.52373082851e-10	0
5.95	2.37678098475e-10	0
5.97	2.23838817039e-10	0
5.99	2.10805409393e-10	0
6.01	1.98530947997e-10	0
6.03	1.86971237969e-10	0
6.05	1.76084657955e-10	0
6.07	1.65832010279e-10	0
6.09	1.56176379809e-10	0
6.11	1.47083001047e-10	0
6.13	1.38519132952e-10	0
6.15	1.30453941054e-10	0
6.17	1.2285838644e-10	0
6.19	1.15705121187e-10	0
6.21	1.08968389904e-10	0
6.23	1.02623936989e-10	0
6.25	9.66489192992e-11	0
6.27	9.10218239005e-11	0
6.29	8.57223906066e-11	0
6.31	8.073153903e-11	0
6.33	7.60312998804e-11	0
6.35	7.16047502636e-11	0
6.37	6.74359527472e-11	0
6.39	6.3509897976e-11	0
6.41	5.98124506276e-11	0
6.43	5.63302985155e-11	0
6.45	5.30509046564e-11	0
6.47	4.99624621281e-11	0
6.49	4.70538515562e-11	0
6.51	4.43146010767e-11	0
6.53	4.17348486296e-11	0
6.55	3.93053064485e-11	0
6.57	3.70172276181e-11	0
6.59	3.48623745788e-11	0
6.61	3.28329894657e-11	0
6.63	3.09217661743e-11	0
6.65	2.91218240537e-11	0
6.67	2.74266831307e-11	0
6.69	2.58302407776e-11	0
6.71	2.43267497379e-11	0
6.73	2.29107974323e-11	0
6.75	2.15772864692e-11	0
6.77	2.03214162906e-11	0
6.79	1.91386658863e-11	0
6.81	1.80247775153e-11	0
6.83	1.69757413744e-11	0
6.85	1.59877811605e-11	0
6.87	1.5057340473e-11	0
6.89	1.41810700078e-11	0
6.91	1.33558154981e-11	0
6.93	1.25786063563e-11	0
6.95	1.18466449779e-11	0
6.97	1.11572966685e-11	0
6.99	1.05080801563e-11	0
7.01	9.89665865851e-12	0
7.03	9.32083146716e-12	0
7.05	8.77852602482e-12	0
7.07	8.26779046221e-12	0
7.09	7.78678657012e-12	0
7.11	7.33378318061e-12	0
7.13	6.90714993375e-12	0
7.15	6.5053514072e-12	0
7.17	6.12694158778e-12	0
7.19	5.77055866488e-12	0
7.21	5.43492012711e-12	0
7.23	5.11881814452e-12	0
7.25	4.82111521965e-12	0
7.27	4.54074009191e-12	0
7.29	4.27668388042e-12	0
7.31	4.02799645147e-12	0
7.33	3.79378299754e-12	0
7.35	3.57320081549e-12	0
7.37	3.36545627245e-12	0
7.39	3.16980194826e-12	0
7.41	2.98553394446e-12	0
7.43	2.81198934992e-12	0
7.45	2.64854385402e-12	0
7.47	2.49460949889e-12	0
7.49	2.34963256251e-12	0
7.51	2.2130915651e-12	0
7.53	2.08449539158e-12	0
7.55	1.96338152338e-12	0
7.57	1.84931437321e-12	0
7.59	1.74188371683e-12	0
7.61	1.64070321613e-12	0
7.63	1.54540902816e-12	0
7.65	1.45565849524e-12	0
7.67	1.37112891132e-12	0
7.69	1.29151636019e-12	0
7.71	1.21653462127e-12	0
7.73	1.14591413924e-12	0
7.75	1.07940105358e-12	0
7.77	1.01675628468e-12	0
7.79	9.57754673094e-13	0
7.81	9.02184169021e-13	0
7.83	8.49845068887e-13	0
7.85	8.00549296444e-13	0
7.87	7.54119725707e-13	0
7.89	7.10389543327e-13	0
7.91	6.6920164809e-13	0
7.93	6.30408085388e-13	0
7.95	5.93869514618e-13	0
7.97	5.59454707598e-13	0
7.99	5.27040076193e-13	0
8.01	4.96509227446e-13	0
8.03	4.67752544614e-13	0
8.05	4.40666792603e-13	0
8.07	4.15154746378e-13	0
8.09	3.91124841009e-13	0
8.11	3.68490842105e-13	0
8.13	3.47171535425e-13	0
8.15	3.27090434573e-13	0
8.17	3.08175505713e-13	0
8.19	2.9035890831e-13	0
8.21	2.73576750976e-13	0
8.23	2.57768861521e-13	0
8.25	2.42878570407e-13	0
8.27	2.28852506805e-13	0
8.29	2.15640406524e-13	0
8.31	2.03194931136e-13	0
8.33	1.9147149762e-13	0
8.35	1.80428117936e-13	0
8.37	1.70025247936e-13	0
8.39	1.60225645071e-13	0
8.41	1.50994234391e-13	0
8.43	1.42297982339e-13	0
8.45	1.34105777898e-13	0
8.47	1.26388320662e-13	0
8.49	1.19118015418e-13	0
8.51	1.12268872868e-13	0
8.53	1.05816416138e-13	0
8.55	9.97375927217e-14	0
8.57	9.40106915587e-14	0
8.59	8.86152649357e-14	0
8.61	8.35320549391e-14	0
8.63	7.87429241884e-14	0
8.65	7.42307906029e-14	0
8.67	6.99795659668e-14	0
8.69	6.59740980715e-14	0
8.71	6.22001162265e-14	0
8.73	5.86441799437e-14	0
8.75	5.52936306083e-14	0
8.77	5.2136545965e-14	0
8.79	4.91616972533e-14	0
8.81	4.63585088391e-14	0
8.83	4.37170201964e-14	0
8.85	4.12278501029e-14	0
8.87	3.888216292e-14	0
8.89	3.66716368361e-14	0
8.91	3.4588433959e-14	0
8.93	3.26251721492e-14	0
8.95	3.0774898494e-14	0
8.97	2.90310643249e-14	0
8.99	2.73875016904e-14	0
9.01	2.58384011977e-14	0
9.03	2.43782911453e-14	0
9.05	2.30020178703e-14	0
9.07	2.17047272392e-14	0
9.09	2.0481847217e-14	0
9.11	1.93290714511e-14	0
9.13	1.82423438102e-14	0
9.15	1.72178438244e-14	0
9.17	1.62519729717e-14	0
9.19	1.53413417637e-14	0
9.21	1.44827575829e-14	0
9.23	1.3673213228e-14	0
9.25	1.2909876126e-14	0
9.27	1.21900781722e-14	0
9.29	1.1511306162e-14	0
9.31	1.08711927793e-14	0
9.33	1.02675081096e-14	0
9.35	9.69815164741e-15	0
9.37	9.16114476832e-15	0
9.39	8.65462363987e-15	0
9.41	8.17683254473e-15	0
9.43	7.72611759256e-15	0
9.45	7.30092079795e-15	0
9.47	6.89977450307e-15	0
9.49	6.52129612485e-15	0
9.51	6.16418320802e-15	0
9.53	5.82720876601e-15	0
9.55	5.50921689303e-15	0
9.57	5.20911863155e-15	0
9.59	4.92588808032e-15	0
9.61	4.65855872884e-15	0
9.63	4.40622000522e-15	0
9.65	4.16801402492e-15	0
9.67	3.94313252873e-15	0
9.69	3.73081399889e-15	0
9.71	3.53034094313e-15	0
9.73	3.34103733668e-15	0
9.75	3.16226621317e-15	0
9.77	2.99342739572e-15	0
9.79	2.83395536009e-15	0
9.81	2.68331722209e-15	0
9.83	2.54101084219e-15	0
9.85	2.40656304035e-15	0
9.87	2.27952791479e-15	0
9.89	2.15948525848e-15	0
9.91	2.04603906788e-15	0
9.93	1.93881613836e-15	0
9.95	1.83746474136e-15	0
9.97	1.74165337853e-15	0
9.99	1.65106960832e-15	0
